frecuencia0: 9 0 8 0 8 4 3 8 2 2 9 3 0 9 3 3 8 5 4 6 1 8 9 0 3 1 1 8 3 5 4 6 3 4 1 1 8 3 5 0 5 1 5 7 4 5 1 8 3 0 7 0 2 2 9 0 2 0 5 3 2 2 2 5 8 1 5 2 1 3 0 2 9 0 3 2 9 8 3 0 9 7 0 2 0 6 9 9 7 7 6 4 8 1 6 5 6 3 2 4 5 0 
frecuencia1: 16 13 10 15 15 10 12 15 15 17 15 10 13 19 18 13 17 16 11 15 14 12 13 15 11 18 15 18 19 12 13 18 13 19 10 13 15 13 14 12 17 10 18 13 11 13 11 11 17 12 17 16 11 13 13 11 11 16 15 10 19 18 19 11 13 13 18 14 14 18 13 10 13 12 13 16 14 16 18 12 17 10 12 16 11 15 18 14 19 16 14 13 17 10 18 10 13 12 15 18 16 11 11 12 18 16 
frecuencia2: 29 25 28 23 22 23 20 28 24 25 26 29 26 25 26 23 24 29 26 20 21 28 27 23 23 22 21 27 28 24 29 27 29 24 26 21 25 23 29 29 23 22 26 26 23 28 24 29 24 20 26 25 23 20 23 28 29 27 25 27 26 25 24 22 25 23 24 25 27 27 24 25 22 24 29 22 21 29 23 25 29 21 26 23 21 22 28 22 23 24 21 28 27 21 20 24 22 21 24 29 24 21 29 23 26 23 29 29 29 23 22 26 21 27 27 24 
frecuencia3: 33 32 39 30 37 34 37 38 31 34 33 34 37 30 31 38 36 36 36 38 35 36 30 37 32 39 32 35 31 32 34 37 34 34 38 35 32 34 32 37 35 39 30 37 33 35 31 32 33 34 39 35 32 34 37 39 34 32 32 33 34 38 38 35 38 34 36 37 30 37 30 31 36 30 39 33 38 37 39 31 35 37 33 35 38 36 34 
frecuencia4: 49 41 41 45 48 43 48 41 41 48 42 42 49 44 48 48 43 49 46 42 49 43 47 43 45 40 44 46 45 48 47 42 40 47 40 41 49 44 40 45 40 40 43 42 41 48 41 42 48 41 40 40 47 43 40 42 43 49 45 44 44 46 45 49 49 45 41 49 44 42 46 48 43 44 49 48 48 41 48 46 45 41 45 41 44 40 48 46 48 42 40 42 41 44 47 41 47 42 45 41 
frecuencia5: 50 53 56 51 54 55 58 59 59 53 55 50 58 56 54 52 53 50 55 52 56 55 55 57 59 53 54 58 52 50 59 56 59 58 51 53 52 55 55 56 50 59 54 57 54 53 55 59 57 57 56 50 56 50 57 58 58 51 53 58 57 52 51 58 50 59 58 54 53 59 50 58 56 53 55 55 53 55 54 57 55 57 51 55 56 58 57 57 58 56 51 53 50 59 55 58 53 57 50 50 52 55 55 58 56 54 50 59 57 53 53 58 
frecuencia6: 68 67 63 64 69 69 61 61 69 61 64 61 62 62 65 64 66 67 60 63 65 69 63 65 62 69 64 64 63 63 67 61 64 69 62 62 67 63 69 62 65 61 69 60 60 65 62 63 60 64 61 62 65 64 60 64 66 67 60 60 64 61 68 63 68 66 61 63 66 60 68 69 61 69 69 62 67 68 62 68 66 67 61 66 64 62 68 64 67 69 61 64 62 69 67 
frecuencia7: 76 71 74 71 78 77 73 79 74 71 71 78 74 76 75 73 72 75 70 72 70 78 75 71 75 71 70 75 70 77 74 75 72 75 73 78 77 76 79 70 75 75 72 71 72 77 77 78 71 74 77 76 70 78 71 76 70 70 74 72 70 73 77 70 72 74 77 74 73 71 79 76 75 76 75 72 79 72 74 74 73 77 70 72 73 77 76 70 78 73 71 78 
frecuencia8: 80 86 85 84 89 88 80 84 85 82 88 89 85 81 82 89 80 86 82 84 85 83 88 88 81 88 87 89 85 84 89 87 86 84 83 81 89 85 88 81 83 83 84 85 85 84 87 88 87 86 82 87 84 85 87 86 81 80 85 87 87 86 81 82 85 86 82 88 86 87 89 88 85 82 85 89 88 89 81 86 88 89 81 80 87 85 89 83 88 81 84 83 88 83 87 86 86 82 84 88 82 81 
frecuencia9: 93 98 95 90 98 93 98 92 93 90 94 93 96 96 90 98 91 98 92 92 97 92 92 90 97 90 95 96 93 93 98 96 96 96 93 90 95 96 93 94 95 94 96 92 93 99 92 97 91 92 96 97 95 93 96 92 92 99 98 91 90 92 98 98 96 93 95 98 93 99 99 96 91 95 91 91 90 97 93 90 90 94 99 95 92 91 95 91 
