INDICE	VALOR	PADRE	IZQ	DER
1	46	-1	2	3
2	9575	1	4	5
3	1858	1	6	7
4	7760	2	8	9
5	7762	2	10	11
6	10366	3	12	13
7	3812	3	14	15
8	1711	4	16	17
9	6646	4	18	19
10	1081	5	20	21
11	2482	5	22	23
12	16167	6	24	25
13	14685	6	26	27
14	1084	7	28	29
15	7414	7	30	31
16	14424	8	32	33
17	8489	8	34	35
18	7893	9	36	37
19	12069	9	38	39
20	11642	10	40	41
21	2304	10	42	43
22	12950	11	44	45
23	4515	11	46	47
24	17286	12	48	49
25	372	12	50	51
26	7711	13	52	53
27	7135	13	54	55
28	1793	14	56	57
29	6433	14	58	59
30	3830	15	60	61
31	18384	15	62	63
32	8697	16	64	65
33	5147	16	66	67
34	7726	17	68	69
35	17202	17	70	71
36	4531	18	72	73
37	6462	18	74	75
38	10401	19	76	77
39	14433	19	78	79
40	14503	20	80	81
41	12033	20	82	83
42	7007	21	84	85
43	14985	21	86	87
44	6395	22	88	89
45	13274	22	90	91
46	14289	23	92	93
47	4954	23	94	95
48	15004	24	96	97
49	10036	24	98	99
50	7588	25	100	101
51	13014	25	102	103
52	6690	26	104	105
53	11050	26	106	107
54	5336	27	108	109
55	7733	27	110	111
56	13454	28	112	113
57	5127	28	114	115
58	42	29	116	117
59	14125	29	118	119
60	17564	30	120	121
61	12706	30	122	123
62	814	31	124	125
63	6979	31	126	127
64	4818	32	128	129
65	2622	32	130	131
66	16323	33	132	133
67	1388	33	134	135
68	1453	34	136	137
69	6341	34	138	139
70	2005	35	140	141
71	9357	35	142	143
72	11798	36	144	145
73	10453	36	146	147
74	8650	37	148	149
75	4572	37	150	151
76	5681	38	152	153
77	15314	38	154	155
78	18049	39	156	157
79	9553	39	158	159
80	2563	40	160	161
81	7630	40	162	163
82	18311	41	164	165
83	1930	41	166	167
84	11766	42	168	169
85	12216	42	170	171
86	8609	43	172	173
87	13839	43	174	175
88	5635	44	176	177
89	7817	44	178	179
90	3529	45	180	181
91	9862	45	182	183
92	447	46	184	185
93	2146	46	186	187
94	5136	47	188	189
95	10274	47	190	191
96	13706	48	192	193
97	13876	48	194	195
98	12902	49	196	197
99	7896	49	198	199
100	9729	50	200	201
101	15540	50	202	203
102	2507	51	204	205
103	15460	51	206	207
104	10382	52	208	209
105	11857	52	210	211
106	17898	53	212	213
107	14428	53	214	215
108	438	54	216	217
109	10534	54	218	219
110	10703	55	220	221
111	12282	55	222	223
112	8526	56	224	225
113	4410	56	226	227
114	16729	57	228	229
115	16349	57	230	231
116	11691	58	232	233
117	316	58	234	235
118	6757	59	236	237
119	1291	59	238	239
120	7424	60	240	241
121	9410	60	242	243
122	1362	61	244	245
123	12308	61	246	247
124	12526	62	248	249
125	15800	62	250	251
126	9625	63	252	253
127	17308	63	254	255
128	17208	64	256	257
129	5229	64	258	259
130	10367	65	260	261
131	2644	65	262	263
132	6349	66	264	265
133	14947	66	266	267
134	18216	67	268	269
135	18451	67	270	271
136	2104	68	272	273
137	8224	68	274	275
138	7795	69	276	277
139	183	69	278	279
140	17092	70	280	281
141	17077	70	282	283
142	16682	71	284	285
143	152	71	286	287
144	2274	72	288	289
145	4095	72	290	291
146	14875	73	292	293
147	6246	73	294	295
148	12738	74	296	297
149	16833	74	298	299
150	9859	75	300	301
151	156	75	302	303
152	7482	76	304	305
153	11448	76	306	307
154	12099	77	308	309
155	7534	77	310	311
156	7454	78	312	313
157	11795	78	314	315
158	14648	79	316	317
159	13065	79	318	319
160	9348	80	320	321
161	17799	80	322	323
162	1332	81	324	325
163	12439	81	326	327
164	8317	82	328	329
165	13861	82	330	331
166	7316	83	332	333
167	18533	83	334	335
168	9547	84	336	337
169	10666	84	338	339
170	5307	85	340	341
171	15458	85	342	343
172	10744	86	344	345
173	7278	86	346	347
174	12287	87	348	349
175	11784	87	350	351
176	2476	88	352	353
177	10982	88	354	355
178	4494	89	356	357
179	1034	89	358	359
180	5524	90	360	361
181	1775	90	362	363
182	16977	91	364	365
183	17887	91	366	367
184	6646	92	368	369
185	16056	92	370	371
186	15451	93	372	373
187	5382	93	374	375
188	16004	94	376	377
189	13785	94	378	379
190	9554	95	380	381
191	15579	95	382	383
192	14885	96	384	385
193	509	96	386	387
194	13778	97	388	389
195	13636	97	390	391
196	16976	98	392	393
197	12885	98	394	395
198	9748	99	396	397
199	11851	99	398	399
200	11805	100	400	401
201	12318	100	402	403
202	17109	101	404	405
203	7763	101	406	407
204	13617	102	408	409
205	440	102	410	411
206	18472	103	412	413
207	7515	103	414	415
208	2866	104	416	417
209	11398	104	418	419
210	12697	105	420	421
211	16791	105	422	423
212	2124	106	424	425
213	16337	106	426	427
214	16156	107	428	429
215	2209	107	430	431
216	17933	108	432	433
217	7384	108	434	435
218	7942	109	436	437
219	2360	109	438	439
220	16182	110	440	441
221	18166	110	442	443
222	9786	111	444	445
223	1716	111	446	447
224	15086	112	448	449
225	14196	112	450	451
226	18283	113	452	453
227	6367	113	454	455
228	18017	114	456	457
229	3925	114	458	459
230	17327	115	460	461
231	9046	115	462	463
232	148	116	464	465
233	6900	116	466	467
234	11021	117	468	469
235	4048	117	470	471
236	5166	118	472	473
237	7168	118	474	475
238	8060	119	476	477
239	17848	119	478	479
240	9356	120	480	481
241	10799	120	482	483
242	9191	121	484	485
243	592	121	486	487
244	17510	122	488	489
245	1689	122	490	491
246	2978	123	492	493
247	8124	123	494	495
248	10867	124	496	497
249	7272	124	498	499
250	2914	125	500	501
251	195	125	502	503
252	7449	126	504	505
253	12640	126	506	507
254	1216	127	508	509
255	18501	127	510	511
256	3396	128	512	513
257	8940	128	514	515
258	2238	129	516	517
259	14539	129	518	519
260	27	130	520	521
261	7296	130	522	523
262	10848	131	524	525
263	16701	131	526	527
264	15133	132	528	529
265	7262	132	530	531
266	8794	133	532	533
267	17925	133	534	535
268	4859	134	536	537
269	10813	134	538	539
270	17079	135	540	541
271	13558	135	542	543
272	2925	136	544	545
273	15226	136	546	547
274	17611	137	548	549
275	16061	137	550	551
276	13885	138	552	553
277	1632	138	554	555
278	17678	139	556	557
279	12351	139	558	559
280	4263	140	560	561
281	1028	140	562	563
282	11970	141	564	565
283	5830	141	566	567
284	10720	142	568	569
285	13321	142	570	571
286	14362	143	572	573
287	16127	143	574	575
288	3991	144	576	577
289	9626	144	578	579
290	6964	145	580	581
291	11608	145	582	583
292	10162	146	584	585
293	16065	146	586	587
294	15759	147	588	589
295	227	147	590	591
296	16721	148	592	593
297	8280	148	594	595
298	11881	149	596	597
299	12561	149	598	599
300	16504	150	600	601
301	4585	150	602	603
302	14873	151	604	605
303	17029	151	606	607
304	13838	152	608	609
305	12740	152	610	611
306	4183	153	612	613
307	2156	153	614	615
308	12021	154	616	617
309	14158	154	618	619
310	15247	155	620	621
311	6106	155	622	623
312	10555	156	624	625
313	11651	156	626	627
314	7859	157	628	629
315	12875	157	630	631
316	12701	158	632	633
317	9069	158	634	635
318	13060	159	636	637
319	14947	159	638	639
320	16116	160	640	641
321	4608	160	642	643
322	16374	161	644	645
323	13363	161	646	647
324	5697	162	648	649
325	14597	162	650	651
326	9376	163	652	653
327	13757	163	654	655
328	14156	164	656	657
329	5411	164	658	659
330	1443	165	660	661
331	12006	165	662	663
332	9701	166	664	665
333	10106	166	666	667
334	15437	167	668	669
335	9474	167	670	671
336	10316	168	672	673
337	10540	168	674	675
338	7619	169	676	677
339	14384	169	678	679
340	17033	170	680	681
341	10009	170	682	683
342	13883	171	684	685
343	13657	171	686	687
344	17246	172	688	689
345	7056	172	690	691
346	17260	173	692	693
347	1599	173	694	695
348	2994	174	696	697
349	17158	174	698	699
350	5796	175	700	701
351	12701	175	702	703
352	14081	176	704	705
353	1373	176	706	707
354	12641	177	708	709
355	3698	177	710	711
356	2474	178	712	713
357	15672	178	714	715
358	13666	179	716	717
359	14584	179	718	719
360	10306	180	720	721
361	13247	180	722	723
362	12564	181	724	725
363	8417	181	726	727
364	12611	182	728	729
365	3190	182	730	731
366	3191	183	732	733
367	5158	183	734	735
368	9868	184	736	737
369	16405	184	738	739
370	9222	185	740	741
371	2140	185	742	743
372	18379	186	744	745
373	6891	186	746	747
374	2211	187	748	749
375	18102	187	750	751
376	5456	188	752	753
377	11401	188	754	755
378	9444	189	756	757
379	13161	189	758	759
380	11213	190	760	761
381	9051	190	762	763
382	8592	191	764	765
383	3069	191	766	767
384	2927	192	768	769
385	7990	192	770	771
386	13311	193	772	773
387	8839	193	774	775
388	679	194	776	777
389	4815	194	778	779
390	2468	195	780	781
391	11608	195	782	783
392	1660	196	784	785
393	9847	196	786	787
394	4369	197	788	789
395	17729	197	790	791
396	633	198	792	793
397	6620	198	794	795
398	7205	199	796	797
399	14289	199	798	799
400	5070	200	800	801
401	1582	200	802	803
402	7112	201	804	805
403	12812	201	806	807
404	8416	202	808	809
405	13816	202	810	811
406	13505	203	812	813
407	17036	203	814	815
408	5600	204	816	817
409	12313	204	818	819
410	7612	205	820	821
411	1156	205	822	823
412	14204	206	824	825
413	3183	206	826	827
414	7899	207	828	829
415	12784	207	830	831
416	18429	208	832	833
417	14551	208	834	835
418	15634	209	836	837
419	4563	209	838	839
420	3397	210	840	841
421	14523	210	842	843
422	12825	211	844	845
423	9675	211	846	847
424	15440	212	848	849
425	10964	212	850	851
426	8465	213	852	853
427	5425	213	854	855
428	7731	214	856	857
429	15922	214	858	859
430	8420	215	860	861
431	5902	215	862	863
432	672	216	864	865
433	12119	216	866	867
434	16225	217	868	869
435	6232	217	870	871
436	958	218	872	873
437	12540	218	874	875
438	14354	219	876	877
439	3993	219	878	879
440	4596	220	880	881
441	16557	220	882	883
442	14666	221	884	885
443	17179	221	886	887
444	10267	222	888	889
445	9288	222	890	891
446	16261	223	892	893
447	8852	223	894	895
448	15761	224	896	897
449	11729	224	898	899
450	15121	225	900	901
451	8976	225	902	903
452	16614	226	904	905
453	12925	226	906	907
454	15095	227	908	909
455	9566	227	910	911
456	16823	228	912	913
457	14372	228	914	915
458	17609	229	916	917
459	16431	229	918	919
460	15097	230	920	921
461	17929	230	922	923
462	13872	231	924	925
463	641	231	926	927
464	13606	232	928	929
465	1869	232	930	931
466	12647	233	932	933
467	3117	233	934	935
468	12715	234	936	937
469	13234	234	938	939
470	15999	235	940	941
471	5562	235	942	943
472	1543	236	944	945
473	12921	236	946	947
474	13215	237	948	949
475	6710	237	950	951
476	605	238	952	953
477	9848	238	954	955
478	16649	239	956	957
479	9889	239	958	959
480	17940	240	960	961
481	9331	240	962	963
482	5542	241	964	965
483	8295	241	966	967
484	12099	242	968	969
485	15120	242	970	971
486	5732	243	972	973
487	8007	243	974	975
488	1717	244	976	977
489	18429	244	978	979
490	4260	245	980	981
491	8113	245	982	983
492	6826	246	984	985
493	9329	246	986	987
494	1024	247	988	989
495	15092	247	990	991
496	17309	248	992	993
497	18039	248	994	995
498	7834	249	996	997
499	10846	249	998	999
500	7632	250	1000	1001
501	17371	250	1002	1003
502	105	251	1004	1005
503	7160	251	1006	1007
504	7718	252	1008	1009
505	9327	252	1010	1011
506	2685	253	1012	1013
507	13225	253	1014	1015
508	7872	254	1016	1017
509	15759	254	1018	1019
510	18127	255	1020	1021
511	11893	255	1022	1023
512	4496	256	1024	1025
513	17746	256	1026	1027
514	16041	257	1028	1029
515	12508	257	1030	1031
516	1638	258	1032	1033
517	8954	258	1034	1035
518	7283	259	1036	1037
519	16220	259	1038	1039
520	15321	260	1040	1041
521	3513	260	1042	1043
522	13365	261	1044	1045
523	17280	261	1046	1047
524	7026	262	1048	1049
525	15224	262	1050	1051
526	10543	263	1052	1053
527	6114	263	1054	1055
528	15955	264	1056	1057
529	15641	264	1058	1059
530	11502	265	1060	1061
531	4907	265	1062	1063
532	8220	266	1064	1065
533	17724	266	1066	1067
534	11545	267	1068	1069
535	8701	267	1070	1071
536	9462	268	1072	1073
537	14280	268	1074	1075
538	17871	269	1076	1077
539	11196	269	1078	1079
540	1956	270	1080	1081
541	10662	270	1082	1083
542	188	271	1084	1085
543	6805	271	1086	1087
544	4243	272	1088	1089
545	10829	272	1090	1091
546	18354	273	1092	1093
547	18266	273	1094	1095
548	18467	274	1096	1097
549	10685	274	1098	1099
550	12720	275	1100	1101
551	4254	275	1102	1103
552	3675	276	1104	1105
553	6250	276	1106	1107
554	13903	277	1108	1109
555	11734	277	1110	1111
556	5587	278	1112	1113
557	14906	278	1114	1115
558	16412	279	1116	1117
559	728	279	1118	1119
560	7338	280	1120	1121
561	5932	280	1122	1123
562	13076	281	1124	1125
563	3115	281	1126	1127
564	2776	282	1128	1129
565	16925	282	1130	1131
566	9949	283	1132	1133
567	6040	283	1134	1135
568	5293	284	1136	1137
569	18306	284	1138	1139
570	17607	285	1140	1141
571	17425	285	1142	1143
572	11311	286	1144	1145
573	6612	286	1146	1147
574	5529	287	1148	1149
575	1064	287	1150	1151
576	2511	288	1152	1153
577	128	288	1154	1155
578	1032	289	1156	1157
579	8886	289	1158	1159
580	5947	290	1160	1161
581	9320	290	1162	1163
582	4001	291	1164	1165
583	12325	291	1166	1167
584	17776	292	1168	1169
585	8181	292	1170	1171
586	10230	293	1172	1173
587	1611	293	1174	1175
588	13859	294	1176	1177
589	16081	294	1178	1179
590	152	295	1180	1181
591	3344	295	1182	1183
592	1427	296	1184	1185
593	750	296	1186	1187
594	236	297	1188	1189
595	9953	297	1190	1191
596	1056	298	1192	1193
597	8909	298	1194	1195
598	18154	299	1196	1197
599	9527	299	1198	1199
600	5908	300	1200	1201
601	12512	300	1202	1203
602	14656	301	1204	1205
603	16823	301	1206	1207
604	11623	302	1208	1209
605	6966	302	1210	1211
606	10163	303	1212	1213
607	15602	303	1214	1215
608	15356	304	1216	1217
609	16325	304	1218	1219
610	6556	305	1220	1221
611	10012	305	1222	1223
612	3113	306	1224	1225
613	3719	306	1226	1227
614	7731	307	1228	1229
615	2365	307	1230	1231
616	9462	308	1232	1233
617	9981	308	1234	1235
618	4958	309	1236	1237
619	2264	309	1238	1239
620	8977	310	1240	1241
621	17757	310	1242	1243
622	6489	311	1244	1245
623	14308	311	1246	1247
624	1817	312	1248	1249
625	12510	312	1250	1251
626	14593	313	1252	1253
627	16563	313	1254	1255
628	15710	314	1256	1257
629	16023	314	1258	1259
630	10868	315	1260	1261
631	6901	315	1262	1263
632	15623	316	1264	1265
633	7142	316	1266	1267
634	1483	317	1268	1269
635	18074	317	1270	1271
636	35	318	1272	1273
637	6382	318	1274	1275
638	16195	319	1276	1277
639	11629	319	1278	1279
640	15350	320	1280	1281
641	16462	320	1282	1283
642	1443	321	1284	1285
643	15398	321	1286	1287
644	14790	322	1288	1289
645	2605	322	1290	1291
646	2387	323	1292	1293
647	6471	323	1294	1295
648	16975	324	1296	1297
649	12903	324	1298	1299
650	17516	325	1300	1301
651	15707	325	1302	1303
652	8088	326	1304	1305
653	10244	326	1306	1307
654	13467	327	1308	1309
655	11358	327	1310	1311
656	5720	328	1312	1313
657	17102	328	1314	1315
658	3238	329	1316	1317
659	752	329	1318	1319
660	6626	330	1320	1321
661	14805	330	1322	1323
662	7449	331	1324	1325
663	394	331	1326	1327
664	13821	332	1328	1329
665	13017	332	1330	1331
666	5926	333	1332	1333
667	16525	333	1334	1335
668	13698	334	1336	1337
669	9377	334	1338	1339
670	14715	335	1340	1341
671	1959	335	1342	1343
672	5794	336	1344	1345
673	13825	336	1346	1347
674	6137	337	1348	1349
675	5459	337	1350	1351
676	11591	338	1352	1353
677	6001	338	1354	1355
678	11096	339	1356	1357
679	15568	339	1358	1359
680	16507	340	1360	1361
681	229	340	1362	1363
682	9931	341	1364	1365
683	12065	341	1366	1367
684	12683	342	1368	1369
685	12264	342	1370	1371
686	6666	343	1372	1373
687	5277	343	1374	1375
688	3972	344	1376	1377
689	9544	344	1378	1379
690	4303	345	1380	1381
691	1213	345	1382	1383
692	10809	346	1384	1385
693	10207	346	1386	1387
694	16237	347	1388	1389
695	6736	347	1390	1391
696	10620	348	1392	1393
697	4430	348	1394	1395
698	16973	349	1396	1397
699	12743	349	1398	1399
700	18440	350	1400	1401
701	11770	350	1402	1403
702	4350	351	1404	1405
703	13906	351	1406	1407
704	2169	352	1408	1409
705	3725	352	1410	1411
706	2232	353	1412	1413
707	2943	353	1414	1415
708	4139	354	1416	1417
709	5229	354	1418	1419
710	8856	355	1420	1421
711	16525	355	1422	1423
712	14984	356	1424	1425
713	11482	356	1426	1427
714	16707	357	1428	1429
715	3790	357	1430	1431
716	8596	358	1432	1433
717	15289	358	1434	1435
718	16315	359	1436	1437
719	2794	359	1438	1439
720	18141	360	1440	1441
721	3993	360	1442	1443
722	17066	361	1444	1445
723	6189	361	1446	1447
724	12499	362	1448	1449
725	17038	362	1450	1451
726	15999	363	1452	1453
727	1488	363	1454	1455
728	9755	364	1456	1457
729	11918	364	1458	1459
730	3315	365	1460	1461
731	12513	365	1462	1463
732	1547	366	1464	1465
733	681	366	1466	1467
734	9823	367	1468	1469
735	15056	367	1470	1471
736	13576	368	1472	1473
737	610	368	1474	1475
738	6694	369	1476	1477
739	17256	369	1478	1479
740	5958	370	1480	1481
741	1474	370	1482	1483
742	15314	371	1484	1485
743	10703	371	1486	1487
744	12957	372	1488	1489
745	12546	372	1490	1491
746	14944	373	1492	1493
747	8556	373	1494	1495
748	3116	374	1496	1497
749	2089	374	1498	1499
750	5959	375	1500	1501
751	6576	375	1502	1503
752	7750	376	1504	1505
753	15187	376	1506	1507
754	1957	377	1508	1509
755	9143	377	1510	1511
756	17391	378	1512	1513
757	4297	378	1514	1515
758	11595	379	1516	1517
759	11816	379	1518	1519
760	8586	380	1520	1521
761	10932	380	1522	1523
762	6127	381	1524	1525
763	8282	381	1526	1527
764	8868	382	1528	1529
765	10201	382	1530	1531
766	7724	383	1532	1533
767	6047	383	1534	1535
768	5626	384	1536	1537
769	949	384	1538	1539
770	16193	385	1540	1541
771	7362	385	1542	1543
772	14911	386	1544	1545
773	5775	386	1546	1547
774	1989	387	1548	1549
775	13965	387	1550	1551
776	4593	388	1552	1553
777	6997	388	1554	1555
778	17114	389	1556	1557
779	12142	389	1558	1559
780	6431	390	1560	1561
781	2405	390	1562	1563
782	2351	391	1564	1565
783	15234	391	1566	1567
784	167	392	1568	1569
785	2776	392	1570	1571
786	10443	393	1572	1573
787	8758	393	1574	1575
788	15522	394	1576	1577
789	6510	394	1578	1579
790	15425	395	1580	1581
791	5162	395	1582	1583
792	16648	396	1584	1585
793	14614	396	1586	1587
794	9179	397	1588	1589
795	16274	397	1590	1591
796	14928	398	1592	1593
797	10053	398	1594	1595
798	741	399	1596	1597
799	2016	399	1598	1599
800	11774	400	1600	1601
801	1795	400	1602	1603
802	7104	401	1604	1605
803	11662	401	1606	1607
804	13212	402	1608	1609
805	1919	402	1610	1611
806	3604	403	1612	1613
807	998	403	1614	1615
808	14795	404	1616	1617
809	17542	404	1618	1619
810	15393	405	1620	1621
811	5546	405	1622	1623
812	13073	406	1624	1625
813	169	406	1626	1627
814	2667	407	1628	1629
815	4761	407	1630	1631
816	16378	408	1632	1633
817	1210	408	1634	1635
818	18029	409	1636	1637
819	8933	409	1638	1639
820	18386	410	1640	1641
821	12391	410	1642	1643
822	10315	411	1644	1645
823	575	411	1646	1647
824	18545	412	1648	1649
825	18131	412	1650	1651
826	13052	413	1652	1653
827	2263	413	1654	1655
828	15712	414	1656	1657
829	16932	414	1658	1659
830	17653	415	1660	1661
831	14037	415	1662	1663
832	3430	416	1664	1665
833	778	416	1666	1667
834	9731	417	1668	1669
835	18110	417	1670	1671
836	4523	418	1672	1673
837	2105	418	1674	1675
838	6755	419	1676	1677
839	16657	419	1678	1679
840	6420	420	1680	1681
841	11806	420	1682	1683
842	218	421	1684	1685
843	3542	421	1686	1687
844	1919	422	1688	1689
845	7724	422	1690	1691
846	11624	423	1692	1693
847	2761	423	1694	1695
848	15328	424	1696	1697
849	8411	424	1698	1699
850	17037	425	1700	1701
851	233	425	1702	1703
852	3264	426	1704	1705
853	1959	426	1706	1707
854	5185	427	1708	1709
855	13047	427	1710	1711
856	11054	428	1712	1713
857	17227	428	1714	1715
858	16594	429	1716	1717
859	11465	429	1718	1719
860	10098	430	1720	1721
861	1722	430	1722	1723
862	2002	431	1724	1725
863	12018	431	1726	1727
864	1293	432	1728	1729
865	14663	432	1730	1731
866	15523	433	1732	1733
867	1325	433	1734	1735
868	13965	434	1736	1737
869	9835	434	1738	1739
870	5576	435	1740	1741
871	8958	435	1742	1743
872	10170	436	1744	1745
873	13658	436	1746	1747
874	15954	437	1748	1749
875	7565	437	1750	1751
876	10409	438	1752	1753
877	10164	438	1754	1755
878	4364	439	1756	1757
879	14220	439	1758	1759
880	5247	440	1760	1761
881	4324	440	1762	1763
882	16605	441	1764	1765
883	15550	441	1766	1767
884	6004	442	1768	1769
885	2198	442	1770	1771
886	16492	443	1772	1773
887	16396	443	1774	1775
888	3132	444	1776	1777
889	8231	444	1778	1779
890	16909	445	1780	1781
891	1535	445	1782	1783
892	18423	446	1784	1785
893	833	446	1786	1787
894	16199	447	1788	1789
895	17473	447	1790	1791
896	1128	448	1792	1793
897	5130	448	1794	1795
898	14193	449	1796	1797
899	15363	449	1798	1799
900	13890	450	1800	1801
901	1358	450	1802	1803
902	1738	451	1804	1805
903	14636	451	1806	1807
904	13256	452	1808	1809
905	10436	452	1810	1811
906	12446	453	1812	1813
907	5714	453	1814	1815
908	4663	454	1816	1817
909	2436	454	1818	1819
910	679	455	1820	1821
911	2956	455	1822	1823
912	6544	456	1824	1825
913	6584	456	1826	1827
914	5573	457	1828	1829
915	220	457	1830	1831
916	9685	458	1832	1833
917	12843	458	1834	1835
918	12568	459	1836	1837
919	17495	459	1838	1839
920	15912	460	1840	1841
921	6603	460	1842	1843
922	9362	461	1844	1845
923	9572	461	1846	1847
924	8257	462	1848	1849
925	4864	462	1850	1851
926	306	463	1852	1853
927	10743	463	1854	1855
928	10875	464	1856	1857
929	8662	464	1858	1859
930	12270	465	1860	1861
931	8171	465	1862	1863
932	16661	466	1864	1865
933	18446	466	1866	1867
934	4451	467	1868	1869
935	10701	467	1870	1871
936	15065	468	1872	1873
937	8613	468	1874	1875
938	12024	469	1876	1877
939	9864	469	1878	1879
940	9367	470	1880	1881
941	7902	470	1882	1883
942	9344	471	1884	1885
943	2951	471	1886	1887
944	14694	472	1888	1889
945	14853	472	1890	1891
946	8156	473	1892	1893
947	16128	473	1894	1895
948	285	474	1896	1897
949	6372	474	1898	1899
950	6389	475	1900	1901
951	603	475	1902	1903
952	8483	476	1904	1905
953	9828	476	1906	1907
954	6136	477	1908	1909
955	3670	477	1910	1911
956	5732	478	1912	1913
957	14272	478	1914	1915
958	13255	479	1916	1917
959	5227	479	1918	1919
960	13541	480	1920	1921
961	6651	480	1922	1923
962	14542	481	1924	1925
963	7131	481	1926	1927
964	429	482	1928	1929
965	1396	482	1930	1931
966	11906	483	1932	1933
967	7214	483	1934	1935
968	8609	484	1936	1937
969	15243	484	1938	1939
970	16722	485	1940	1941
971	18551	485	1942	1943
972	14991	486	1944	1945
973	4115	486	1946	1947
974	9563	487	1948	1949
975	7014	487	1950	1951
976	236	488	1952	1953
977	10813	488	1954	1955
978	9718	489	1956	1957
979	492	489	1958	1959
980	3796	490	1960	1961
981	2233	490	1962	1963
982	18474	491	1964	1965
983	1584	491	1966	1967
984	7776	492	1968	1969
985	15973	492	1970	1971
986	17671	493	1972	1973
987	12808	493	1974	1975
988	2773	494	1976	1977
989	2262	494	1978	1979
990	10184	495	1980	1981
991	10259	495	1982	1983
992	4312	496	1984	1985
993	18184	496	1986	1987
994	5501	497	1988	1989
995	7737	497	1990	1991
996	1910	498	1992	1993
997	11696	498	1994	1995
998	11281	499	1996	1997
999	10176	499	1998	1999
1000	17630	500	2000	2001
1001	849	500	2002	2003
1002	8279	501	2004	2005
1003	16975	501	2006	2007
1004	14910	502	2008	2009
1005	15598	502	2010	2011
1006	6630	503	2012	2013
1007	3897	503	2014	2015
1008	1555	504	2016	2017
1009	13842	504	2018	2019
1010	12436	505	2020	2021
1011	7080	505	2022	2023
1012	11993	506	2024	2025
1013	11176	506	2026	2027
1014	2656	507	2028	2029
1015	15133	507	2030	2031
1016	15788	508	2032	2033
1017	5127	508	2034	2035
1018	15561	509	2036	2037
1019	15518	509	2038	2039
1020	12756	510	2040	2041
1021	7562	510	2042	2043
1022	9437	511	2044	2045
1023	12563	511	2046	2047
1024	9104	512	2048	2049
1025	7259	512	2050	2051
1026	5012	513	2052	2053
1027	10699	513	2054	2055
1028	5056	514	2056	2057
1029	9358	514	2058	2059
1030	15842	515	2060	2061
1031	2978	515	2062	2063
1032	3824	516	2064	2065
1033	10754	516	2066	2067
1034	3804	517	2068	2069
1035	14110	517	2070	2071
1036	5395	518	2072	2073
1037	2508	518	2074	2075
1038	13379	519	2076	2077
1039	15405	519	2078	2079
1040	13546	520	2080	2081
1041	6783	520	2082	2083
1042	16752	521	2084	2085
1043	2102	521	2086	2087
1044	1000	522	2088	2089
1045	16699	522	2090	2091
1046	13084	523	2092	2093
1047	13331	523	2094	2095
1048	9585	524	2096	2097
1049	13628	524	2098	2099
1050	6767	525	2100	2101
1051	14106	525	2102	2103
1052	14847	526	2104	2105
1053	4536	526	2106	2107
1054	18338	527	2108	2109
1055	13356	527	2110	2111
1056	10345	528	2112	2113
1057	12679	528	2114	2115
1058	12646	529	2116	2117
1059	3393	529	2118	2119
1060	15270	530	2120	2121
1061	1363	530	2122	2123
1062	9286	531	2124	2125
1063	2057	531	2126	2127
1064	15289	532	2128	2129
1065	16641	532	2130	2131
1066	114	533	2132	2133
1067	5593	533	2134	2135
1068	4172	534	2136	2137
1069	9081	534	2138	2139
1070	13071	535	2140	2141
1071	3614	535	2142	2143
1072	6168	536	2144	2145
1073	10171	536	2146	2147
1074	2807	537	2148	2149
1075	12651	537	2150	2151
1076	5504	538	2152	2153
1077	12154	538	2154	2155
1078	110	539	2156	2157
1079	1311	539	2158	2159
1080	15516	540	2160	2161
1081	4168	540	2162	2163
1082	15068	541	2164	2165
1083	16096	541	2166	2167
1084	9668	542	2168	2169
1085	14516	542	2170	2171
1086	14640	543	2172	2173
1087	9799	543	2174	2175
1088	2640	544	2176	2177
1089	18155	544	2178	2179
1090	7677	545	2180	2181
1091	15522	545	2182	2183
1092	3745	546	2184	2185
1093	4551	546	2186	2187
1094	1404	547	2188	2189
1095	1241	547	2190	2191
1096	966	548	2192	2193
1097	9326	548	2194	2195
1098	10840	549	2196	2197
1099	10838	549	2198	2199
1100	13312	550	2200	2201
1101	15189	550	2202	2203
1102	15062	551	2204	2205
1103	767	551	2206	2207
1104	17226	552	2208	2209
1105	8011	552	2210	2211
1106	4676	553	2212	2213
1107	15376	553	2214	2215
1108	7424	554	2216	2217
1109	755	554	2218	2219
1110	14407	555	2220	2221
1111	17257	555	2222	2223
1112	16447	556	2224	2225
1113	14244	556	2226	2227
1114	6838	557	2228	2229
1115	15675	557	2230	2231
1116	738	558	2232	2233
1117	13026	558	2234	2235
1118	2188	559	2236	2237
1119	13547	559	2238	2239
1120	11325	560	2240	2241
1121	7983	560	2242	2243
1122	4750	561	2244	2245
1123	7788	561	2246	2247
1124	238	562	2248	2249
1125	8506	562	2250	2251
1126	9522	563	2252	2253
1127	8849	563	2254	2255
1128	14749	564	2256	2257
1129	17319	564	2258	2259
1130	10762	565	2260	2261
1131	17362	565	2262	2263
1132	673	566	2264	2265
1133	10565	566	2266	2267
1134	17687	567	2268	2269
1135	16489	567	2270	2271
1136	3923	568	2272	2273
1137	3442	568	2274	2275
1138	17576	569	2276	2277
1139	10698	569	2278	2279
1140	10135	570	2280	2281
1141	14125	570	2282	2283
1142	2848	571	2284	2285
1143	2517	571	2286	2287
1144	7414	572	2288	2289
1145	7710	572	2290	2291
1146	2374	573	2292	2293
1147	12252	573	2294	2295
1148	13031	574	2296	2297
1149	4003	574	2298	2299
1150	10923	575	2300	2301
1151	13642	575	2302	2303
1152	18248	576	2304	2305
1153	4148	576	2306	2307
1154	16772	577	2308	2309
1155	1777	577	2310	2311
1156	298	578	2312	2313
1157	12670	578	2314	2315
1158	2840	579	2316	2317
1159	10591	579	2318	2319
1160	11378	580	2320	2321
1161	14041	580	2322	2323
1162	10033	581	2324	2325
1163	17904	581	2326	2327
1164	11234	582	2328	2329
1165	13349	582	2330	2331
1166	8269	583	2332	2333
1167	682	583	2334	2335
1168	9863	584	2336	2337
1169	183	584	2338	2339
1170	16435	585	2340	2341
1171	4256	585	2342	2343
1172	1357	586	2344	2345
1173	971	586	2346	2347
1174	12624	587	2348	2349
1175	5715	587	2350	2351
1176	14191	588	2352	2353
1177	4666	588	2354	2355
1178	1683	589	2356	2357
1179	10450	589	2358	2359
1180	199	590	2360	2361
1181	1241	590	2362	2363
1182	4100	591	2364	2365
1183	13623	591	2366	2367
1184	17434	592	2368	2369
1185	10658	592	2370	2371
1186	17799	593	2372	2373
1187	5738	593	2374	2375
1188	2371	594	2376	2377
1189	7789	594	2378	2379
1190	13762	595	2380	2381
1191	6669	595	2382	2383
1192	13436	596	2384	2385
1193	10603	596	2386	2387
1194	17064	597	2388	2389
1195	10420	597	2390	2391
1196	99	598	2392	2393
1197	14432	598	2394	2395
1198	220	599	2396	2397
1199	10521	599	2398	2399
1200	16603	600	2400	2401
1201	2533	600	2402	2403
1202	11550	601	2404	2405
1203	6909	601	2406	2407
1204	8818	602	2408	2409
1205	12632	602	2410	2411
1206	5685	603	2412	2413
1207	15745	603	2414	2415
1208	504	604	2416	2417
1209	7237	604	2418	2419
1210	3029	605	2420	2421
1211	1558	605	2422	2423
1212	11573	606	2424	2425
1213	9836	606	2426	2427
1214	8181	607	2428	2429
1215	12967	607	2430	2431
1216	15085	608	2432	2433
1217	13547	608	2434	2435
1218	17259	609	2436	2437
1219	14583	609	2438	2439
1220	7801	610	2440	2441
1221	13021	610	2442	2443
1222	8009	611	2444	2445
1223	11785	611	2446	2447
1224	16	612	2448	2449
1225	144	612	2450	2451
1226	1419	613	2452	2453
1227	16643	613	2454	2455
1228	18045	614	2456	2457
1229	14563	614	2458	2459
1230	14492	615	2460	2461
1231	6344	615	2462	2463
1232	17878	616	2464	2465
1233	15371	616	2466	2467
1234	11478	617	2468	2469
1235	16180	617	2470	2471
1236	7480	618	2472	2473
1237	17529	618	2474	2475
1238	7190	619	2476	2477
1239	17447	619	2478	2479
1240	16481	620	2480	2481
1241	18128	620	2482	2483
1242	2938	621	2484	2485
1243	640	621	2486	2487
1244	6601	622	2488	2489
1245	7631	622	2490	2491
1246	1496	623	2492	2493
1247	7095	623	2494	2495
1248	11024	624	2496	2497
1249	17983	624	2498	2499
1250	4283	625	2500	2501
1251	9889	625	2502	2503
1252	2279	626	2504	2505
1253	1715	626	2506	2507
1254	14507	627	2508	2509
1255	18024	627	2510	2511
1256	18055	628	2512	2513
1257	13490	628	2514	2515
1258	5140	629	2516	2517
1259	7855	629	2518	2519
1260	7417	630	2520	2521
1261	5789	630	2522	2523
1262	5354	631	2524	2525
1263	97	631	2526	2527
1264	1043	632	2528	2529
1265	7045	632	2530	2531
1266	4481	633	2532	2533
1267	16255	633	2534	2535
1268	12316	634	2536	2537
1269	12495	634	2538	2539
1270	12719	635	2540	2541
1271	10153	635	2542	2543
1272	13090	636	2544	2545
1273	3511	636	2546	2547
1274	14749	637	2548	2549
1275	9420	637	2550	2551
1276	3301	638	2552	2553
1277	884	638	2554	2555
1278	7030	639	2556	2557
1279	5925	639	2558	2559
1280	17251	640	2560	2561
1281	11162	640	2562	2563
1282	3374	641	2564	2565
1283	15561	641	2566	2567
1284	11503	642	2568	2569
1285	12744	642	2570	2571
1286	14050	643	2572	2573
1287	13411	643	2574	2575
1288	15334	644	2576	2577
1289	7828	644	2578	2579
1290	12867	645	2580	2581
1291	16225	645	2582	2583
1292	6236	646	2584	2585
1293	8575	646	2586	2587
1294	8834	647	2588	2589
1295	18224	647	2590	2591
1296	2745	648	2592	2593
1297	2149	648	2594	2595
1298	14192	649	2596	2597
1299	15090	649	2598	2599
1300	4085	650	2600	2601
1301	4221	650	2602	2603
1302	6839	651	2604	2605
1303	7694	651	2606	2607
1304	9146	652	2608	2609
1305	4362	652	2610	2611
1306	12956	653	2612	2613
1307	16289	653	2614	2615
1308	4032	654	2616	2617
1309	5707	654	2618	2619
1310	18188	655	2620	2621
1311	15312	655	2622	2623
1312	2278	656	2624	2625
1313	17965	656	2626	2627
1314	187	657	2628	2629
1315	5057	657	2630	2631
1316	8406	658	2632	2633
1317	2061	658	2634	2635
1318	13530	659	2636	2637
1319	473	659	2638	2639
1320	7477	660	2640	2641
1321	15144	660	2642	2643
1322	7498	661	2644	2645
1323	4918	661	2646	2647
1324	18313	662	2648	2649
1325	16129	662	2650	2651
1326	12831	663	2652	2653
1327	8884	663	2654	2655
1328	16137	664	2656	2657
1329	7302	664	2658	2659
1330	6841	665	2660	2661
1331	7312	665	2662	2663
1332	3559	666	2664	2665
1333	9256	666	2666	2667
1334	210	667	2668	2669
1335	1287	667	2670	2671
1336	17084	668	2672	2673
1337	6570	668	2674	2675
1338	7419	669	2676	2677
1339	14855	669	2678	2679
1340	14055	670	2680	2681
1341	10960	670	2682	2683
1342	17363	671	2684	2685
1343	18500	671	2686	2687
1344	2459	672	2688	2689
1345	8191	672	2690	2691
1346	15745	673	2692	2693
1347	12720	673	2694	2695
1348	5931	674	2696	2697
1349	9699	674	2698	2699
1350	8820	675	2700	2701
1351	14783	675	2702	2703
1352	3732	676	2704	2705
1353	12339	676	2706	2707
1354	7303	677	2708	2709
1355	16541	677	2710	2711
1356	13245	678	2712	2713
1357	12962	678	2714	2715
1358	12785	679	2716	2717
1359	8959	679	2718	2719
1360	9440	680	2720	2721
1361	11147	680	2722	2723
1362	2581	681	2724	2725
1363	11314	681	2726	2727
1364	15853	682	2728	2729
1365	16895	682	2730	2731
1366	11029	683	2732	2733
1367	15200	683	2734	2735
1368	5849	684	2736	2737
1369	15158	684	2738	2739
1370	6261	685	2740	2741
1371	3943	685	2742	2743
1372	4417	686	2744	2745
1373	15362	686	2746	2747
1374	13040	687	2748	2749
1375	13229	687	2750	2751
1376	10658	688	2752	2753
1377	7884	688	2754	2755
1378	13667	689	2756	2757
1379	3890	689	2758	2759
1380	1364	690	2760	2761
1381	11328	690	2762	2763
1382	3331	691	2764	2765
1383	13635	691	2766	2767
1384	6963	692	2768	2769
1385	14006	692	2770	2771
1386	10257	693	2772	2773
1387	6140	693	2774	2775
1388	641	694	2776	2777
1389	12000	694	2778	2779
1390	11670	695	2780	2781
1391	14158	695	2782	2783
1392	164	696	2784	2785
1393	2907	696	2786	2787
1394	1272	697	2788	2789
1395	13603	697	2790	2791
1396	11867	698	2792	2793
1397	7735	698	2794	2795
1398	9364	699	2796	2797
1399	13974	699	2798	2799
1400	12232	700	2800	2801
1401	17175	700	2802	2803
1402	15866	701	2804	2805
1403	6155	701	2806	2807
1404	4732	702	2808	2809
1405	8933	702	2810	2811
1406	2686	703	2812	2813
1407	11735	703	2814	2815
1408	13363	704	2816	2817
1409	6556	704	2818	2819
1410	11497	705	2820	2821
1411	4792	705	2822	2823
1412	13446	706	2824	2825
1413	11029	706	2826	2827
1414	8011	707	2828	2829
1415	5932	707	2830	2831
1416	13662	708	2832	2833
1417	16760	708	2834	2835
1418	12596	709	2836	2837
1419	8205	709	2838	2839
1420	11565	710	2840	2841
1421	17469	710	2842	2843
1422	1447	711	2844	2845
1423	16132	711	2846	2847
1424	17995	712	2848	2849
1425	9494	712	2850	2851
1426	1034	713	2852	2853
1427	5902	713	2854	2855
1428	2517	714	2856	2857
1429	9343	714	2858	2859
1430	9936	715	2860	2861
1431	13760	715	2862	2863
1432	10976	716	2864	2865
1433	250	716	2866	2867
1434	3764	717	2868	2869
1435	12200	717	2870	2871
1436	10401	718	2872	2873
1437	10105	718	2874	2875
1438	9863	719	2876	2877
1439	3638	719	2878	2879
1440	9236	720	2880	2881
1441	12855	720	2882	2883
1442	6488	721	2884	2885
1443	9758	721	2886	2887
1444	8152	722	2888	2889
1445	4184	722	2890	2891
1446	4240	723	2892	2893
1447	15071	723	2894	2895
1448	13939	724	2896	2897
1449	17796	724	2898	2899
1450	8816	725	2900	2901
1451	6774	725	2902	2903
1452	5757	726	2904	2905
1453	6342	726	2906	2907
1454	167	727	2908	2909
1455	2473	727	2910	2911
1456	12018	728	2912	2913
1457	2736	728	2914	2915
1458	16804	729	2916	2917
1459	3709	729	2918	2919
1460	1615	730	2920	2921
1461	3474	730	2922	2923
1462	16445	731	2924	2925
1463	8094	731	2926	2927
1464	7559	732	2928	2929
1465	8255	732	2930	2931
1466	9973	733	2932	2933
1467	18004	733	2934	2935
1468	1170	734	2936	2937
1469	10060	734	2938	2939
1470	10004	735	2940	2941
1471	11612	735	2942	2943
1472	9120	736	2944	2945
1473	17455	736	2946	2947
1474	12703	737	2948	2949
1475	18341	737	2950	2951
1476	10021	738	2952	2953
1477	14592	738	2954	2955
1478	18041	739	2956	2957
1479	4725	739	2958	2959
1480	10081	740	2960	2961
1481	14891	740	2962	2963
1482	10227	741	2964	2965
1483	9663	741	2966	2967
1484	1522	742	2968	2969
1485	2561	742	2970	2971
1486	14867	743	2972	2973
1487	12381	743	2974	2975
1488	17717	744	2976	2977
1489	10707	744	2978	2979
1490	6109	745	2980	2981
1491	9184	745	2982	2983
1492	7316	746	2984	2985
1493	301	746	2986	2987
1494	3019	747	2988	2989
1495	5007	747	2990	2991
1496	1079	748	2992	2993
1497	11424	748	2994	2995
1498	17099	749	2996	2997
1499	6159	749	2998	2999
1500	15351	750	3000	3001
1501	9833	750	3002	3003
1502	4635	751	3004	3005
1503	17162	751	3006	3007
1504	17475	752	3008	3009
1505	11606	752	3010	3011
1506	5359	753	3012	3013
1507	16755	753	3014	3015
1508	9381	754	3016	3017
1509	1684	754	3018	3019
1510	8756	755	3020	3021
1511	8731	755	3022	3023
1512	16554	756	3024	3025
1513	6400	756	3026	3027
1514	7848	757	3028	3029
1515	11349	757	3030	3031
1516	1511	758	3032	3033
1517	2814	758	3034	3035
1518	4452	759	3036	3037
1519	6774	759	3038	3039
1520	8534	760	3040	3041
1521	6393	760	3042	3043
1522	17520	761	3044	3045
1523	11152	761	3046	3047
1524	2121	762	3048	3049
1525	1294	762	3050	3051
1526	6992	763	3052	3053
1527	8473	763	3054	3055
1528	2811	764	3056	3057
1529	17681	764	3058	3059
1530	6013	765	3060	3061
1531	1585	765	3062	3063
1532	1377	766	3064	3065
1533	1765	766	3066	3067
1534	2822	767	3068	3069
1535	16286	767	3070	3071
1536	13830	768	3072	3073
1537	5698	768	3074	3075
1538	13599	769	3076	3077
1539	14988	769	3078	3079
1540	18015	770	3080	3081
1541	8974	770	3082	3083
1542	17488	771	3084	3085
1543	1197	771	3086	3087
1544	4332	772	3088	3089
1545	9814	772	3090	3091
1546	9510	773	3092	3093
1547	11529	773	3094	3095
1548	11275	774	3096	3097
1549	13648	774	3098	3099
1550	9591	775	3100	3101
1551	16732	775	3102	3103
1552	7195	776	3104	3105
1553	472	776	3106	3107
1554	5085	777	3108	3109
1555	3655	777	3110	3111
1556	8540	778	3112	3113
1557	17785	778	3114	3115
1558	17567	779	3116	3117
1559	18405	779	3118	3119
1560	17653	780	3120	3121
1561	16971	780	3122	3123
1562	11509	781	3124	3125
1563	15866	781	3126	3127
1564	3358	782	3128	3129
1565	6608	782	3130	3131
1566	2610	783	3132	3133
1567	925	783	3134	3135
1568	8446	784	3136	3137
1569	10696	784	3138	3139
1570	9158	785	3140	3141
1571	9694	785	3142	3143
1572	13495	786	3144	3145
1573	15608	786	3146	3147
1574	99	787	3148	3149
1575	7843	787	3150	3151
1576	12235	788	3152	3153
1577	6093	788	3154	3155
1578	2752	789	3156	3157
1579	15118	789	3158	3159
1580	2149	790	3160	3161
1581	14354	790	3162	3163
1582	4267	791	3164	3165
1583	13613	791	3166	3167
1584	11494	792	3168	3169
1585	4200	792	3170	3171
1586	13894	793	3172	3173
1587	4510	793	3174	3175
1588	14872	794	3176	3177
1589	15293	794	3178	3179
1590	12932	795	3180	3181
1591	12102	795	3182	3183
1592	7011	796	3184	3185
1593	18380	796	3186	3187
1594	10980	797	3188	3189
1595	10137	797	3190	3191
1596	12637	798	3192	3193
1597	17862	798	3194	3195
1598	9588	799	3196	3197
1599	14628	799	3198	3199
1600	5206	800	3200	3201
1601	1038	800	3202	3203
1602	17700	801	3204	3205
1603	2743	801	3206	3207
1604	13402	802	3208	3209
1605	10592	802	3210	3211
1606	12768	803	3212	3213
1607	13214	803	3214	3215
1608	17036	804	3216	3217
1609	13887	804	3218	3219
1610	10482	805	3220	3221
1611	13694	805	3222	3223
1612	4040	806	3224	3225
1613	12640	806	3226	3227
1614	7112	807	3228	3229
1615	1823	807	3230	3231
1616	12846	808	3232	3233
1617	10861	808	3234	3235
1618	13074	809	3236	3237
1619	18199	809	3238	3239
1620	12315	810	3240	3241
1621	6309	810	3242	3243
1622	15925	811	3244	3245
1623	18472	811	3246	3247
1624	139	812	3248	3249
1625	13013	812	3250	3251
1626	17185	813	3252	3253
1627	6419	813	3254	3255
1628	4901	814	3256	3257
1629	1772	814	3258	3259
1630	18322	815	3260	3261
1631	4107	815	3262	3263
1632	1613	816	3264	3265
1633	7406	816	3266	3267
1634	7483	817	3268	3269
1635	1225	817	3270	3271
1636	1106	818	3272	3273
1637	11345	818	3274	3275
1638	7878	819	3276	3277
1639	16357	819	3278	3279
1640	7687	820	3280	3281
1641	15316	820	3282	3283
1642	16757	821	3284	3285
1643	4055	821	3286	3287
1644	12636	822	3288	3289
1645	7513	822	3290	3291
1646	7186	823	3292	3293
1647	268	823	3294	3295
1648	14845	824	3296	3297
1649	14315	824	3298	3299
1650	7124	825	3300	3301
1651	17308	825	3302	3303
1652	13520	826	3304	3305
1653	13179	826	3306	3307
1654	1251	827	3308	3309
1655	6696	827	3310	3311
1656	1352	828	3312	3313
1657	11114	828	3314	3315
1658	4036	829	3316	3317
1659	13397	829	3318	3319
1660	14402	830	3320	3321
1661	8664	830	3322	3323
1662	12364	831	3324	3325
1663	4792	831	3326	3327
1664	7347	832	3328	3329
1665	5396	832	3330	3331
1666	690	833	3332	3333
1667	17448	833	3334	3335
1668	18542	834	3336	3337
1669	8030	834	3338	3339
1670	1018	835	3340	3341
1671	12256	835	3342	3343
1672	3870	836	3344	3345
1673	11635	836	3346	3347
1674	3899	837	3348	3349
1675	6772	837	3350	3351
1676	7975	838	3352	3353
1677	7838	838	3354	3355
1678	1087	839	3356	3357
1679	5237	839	3358	3359
1680	14704	840	3360	3361
1681	9004	840	3362	3363
1682	17356	841	3364	3365
1683	16756	841	3366	3367
1684	15486	842	3368	3369
1685	12443	842	3370	3371
1686	6826	843	3372	3373
1687	16118	843	3374	3375
1688	8589	844	3376	3377
1689	4950	844	3378	3379
1690	17926	845	3380	3381
1691	7863	845	3382	3383
1692	4070	846	3384	3385
1693	5943	846	3386	3387
1694	1359	847	3388	3389
1695	10943	847	3390	3391
1696	7157	848	3392	3393
1697	8297	848	3394	3395
1698	17765	849	3396	3397
1699	13273	849	3398	3399
1700	17768	850	3400	3401
1701	671	850	3402	3403
1702	15314	851	3404	3405
1703	10391	851	3406	3407
