893
1013
869
1292
356
337
440
249
633
460
1423
978
1280
346
573
1695
479
41
35
1145
349
904
1348
1074
1619
479
629
1412
1607
1571
556
753
437
317
1847
795
942
628
985
1341
1612
1257
1425
1246
1431
999
72
1166
1119
1679
815
1229
1083
636
204
638
983
585
756
1580
1225
752
698
340
159
856
788
1397
275
390
1137
282
482
677
851
661
739
1404
1236
311
1714
968
1269
294
1590
1633
934
1691
542
983
1100
1537
163
357
720
551
929
635
433
905
1696
1199
341
1058
587
274
1068
1158
1282
1352
1437
58
1796
1622
1849
1159
1295
517
1154
709
191
589
1662
1739
1222
1714
807
1298
1614
1658
800
1585
717
283
1808
61
233
39
716
1716
1023
1856
1816
1160
1423
225
283
1831
1075
689
396
1418
351
465
1576
1542
1237
1806
1198
466
1604
653
1036
896
1720
1654
1389
929
98
249
1273
212
1229
1435
1715
489
1174
1071
846
1072
1398
1204
104
1804
106
109
959
1055
341
689
339
1332
810
205
1272
757
1263
1266
557
1562
1385
1476
1498
842
904
1678
535
304
293
1322
1383
252
474
480
1781
1535
919
1162
917
1142
122
1488
441
1431
1522
1331
773
134
1062
1853
843
1539
250
867
1130
1136
505
1686
1445
839
401
289
721
1494
1671
6
1422
103
1065
1845
1681
1562
1759
1130
66
1837
984
1631
1642
599
571
1806
127
266
795
1427
898
1232
81
1772
251
297
1789
1278
531
255
530
634
644
537
1193
670
763
977
460
1465
1542
1593
673
848
1403
768
695
728
55
687
220
884
657
167
1131
1615
239
418
1555
469
1610
167
1464
722
1125
129
622
148
368
654
304
1852
1689
1425
733
869
420
11
78
1298
478
4
1815
968
1252
1440
1036
256
1040
911
1031
1749
178
48
1058
1704
888
1560
1045
1226
1830
762
1254
1014
1097
29
1829
162
44
307
668
1846
1304
813
114
1841
800
32
485
1663
492
1314
217
20
862
1327
1058
662
1724
1771
970
1429
51
364
1011
744
413
1493
1437
1196
755
679
296
65
643
1823
1304
247
260
949
1613
1744
196
990
1487
1607
1852
620
946
1463
1775
1243
1277
427
192
1137
581
343
342
453
1268
1162
310
902
99
429
375
1571
964
2
1576
677
586
1338
1816
982
319
135
468
862
1658
1771
1093
279
1517
38
981
1797
564
330
1647
651
1695
1253
1159
1506
807
1212
5
276
758
342
258
166
584
645
1506
305
132
653
583
177
9
465
1644
866
1760
510
275
1817
1154
586
1440
86
1762
1097
1175
63
890
46
1403
1691
1019
676
221
1120
670
1081
1042
1511
1156
1078
1489
1152
1688
1356
1742
1106
54
529
626
1420
285
353
599
295
1032
611
1069
465
268
1350
1182
121
746
1399
802
429
1358
1571
406
1412
433
1471
1608
1563
845
192
1614
781
1442
926
8
1587
1049
93
62
785
1446
1856
685
1792
307
1483
175
828
1314
706
464
1306
899
401
1491
355
1092
330
348
1794
4
1363
1544
1356
1775
965
1090
339
569
1484
823
892
1756
1620
851
169
117
1731
549
1478
910
786
517
294
852
786
684
371
1219
152
1814
1130
1414
1198
21
412
194
201
106
162
1125
1855
3
1629
1236
688
1526
1747
252
888
823
1420
97
414
1395
255
510
1592
1849
1460
1276
12
1819
1460
229
956
1156
918
1233
334
1696
585
884
1610
1235
127
1536
139
1800
448
864
821
1426
1684
1817
506
813
1096
620
1048
1488
1592
392
1133
872
1721
604
1255
1696
109
674
1498
355
37
1313
513
1311
764
1120
1337
1746
221
100
903
990
1269
257
414
1178
1621
1520
455
1727
422
74
1315
468
1602
225
224
305
607
384
408
838
1409
1624
1401
1679
322
827
374
570
204
239
1726
62
858
1255
1635
318
1389
1289
477
1040
1137
493
505
1234
1545
85
917
1266
1152
899
1487
1468
927
617
910
1771
977
162
1051
317
289
984
1387
1100
957
43
390
757
713
1309
1138
1666
1188
490
794
1070
890
768
187
1502
310
1419
176
1551
1134
402
601
1073
1018
1008
39
310
1122
606
1057
1055
46
1647
611
439
657
703
1829
342
1560
1279
852
716
1589
599
1667
1704
182
1669
1478
1378
1618
823
1399
986
417
204
1719
854
391
938
1270
648
140
488
954
150
1186
42
1298
1278
1211
890
1495
46
778
1208
934
766
842
38
1410
372
865
1323
1735
1115
827
677
1486
1386
249
1550
65
655
1225
780
365
1660
1163
1345
1369
1326
778
1580
119
1771
60
108
348
1349
334
1003
1848
797
1824
935
1257
1120
15
309
591
475
1747
1608
411
58
1258
1697
1791
305
203
662
1372
1103
726
567
1829
314
1790
1825
1629
607
237
288
1245
335
778
144
834
-1
