1703
46
9575
1858
7760
7762
10366
3812
1711
6646
1081
2482
16167
14685
1084
7414
14424
8489
7893
12069
11642
2304
12950
4515
17286
372
7711
7135
1793
6433
3830
18384
8697
5147
7726
17202
4531
6462
10401
14433
14503
12033
7007
14985
6395
13274
14289
4954
15004
10036
7588
13014
6690
11050
5336
7733
13454
5127
42
14125
17564
12706
814
6979
4818
2622
16323
1388
1453
6341
2005
9357
11798
10453
8650
4572
5681
15314
18049
9553
2563
7630
18311
1930
11766
12216
8609
13839
5635
7817
3529
9862
447
2146
5136
10274
13706
13876
12902
7896
9729
15540
2507
15460
10382
11857
17898
14428
438
10534
10703
12282
8526
4410
16729
16349
11691
316
6757
1291
7424
9410
1362
12308
12526
15800
9625
17308
17208
5229
10367
2644
6349
14947
18216
18451
2104
8224
7795
183
17092
17077
16682
152
2274
4095
14875
6246
12738
16833
9859
156
7482
11448
12099
7534
7454
11795
14648
13065
9348
17799
1332
12439
8317
13861
7316
18533
9547
10666
5307
15458
10744
7278
12287
11784
2476
10982
4494
1034
5524
1775
16977
17887
6646
16056
15451
5382
16004
13785
9554
15579
14885
509
13778
13636
16976
12885
9748
11851
11805
12318
17109
7763
13617
440
18472
7515
2866
11398
12697
16791
2124
16337
16156
2209
17933
7384
7942
2360
16182
18166
9786
1716
15086
14196
18283
6367
18017
3925
17327
9046
148
6900
11021
4048
5166
7168
8060
17848
9356
10799
9191
592
17510
1689
2978
8124
10867
7272
2914
195
7449
12640
1216
18501
3396
8940
2238
14539
27
7296
10848
16701
15133
7262
8794
17925
4859
10813
17079
13558
2925
15226
17611
16061
13885
1632
17678
12351
4263
1028
11970
5830
10720
13321
14362
16127
3991
9626
6964
11608
10162
16065
15759
227
16721
8280
11881
12561
16504
4585
14873
17029
13838
12740
4183
2156
12021
14158
15247
6106
10555
11651
7859
12875
12701
9069
13060
14947
16116
4608
16374
13363
5697
14597
9376
13757
14156
5411
1443
12006
9701
10106
15437
9474
10316
10540
7619
14384
17033
10009
13883
13657
17246
7056
17260
1599
2994
17158
5796
12701
14081
1373
12641
3698
2474
15672
13666
14584
10306
13247
12564
8417
12611
3190
3191
5158
9868
16405
9222
2140
18379
6891
2211
18102
5456
11401
9444
13161
11213
9051
8592
3069
2927
7990
13311
8839
679
4815
2468
11608
1660
9847
4369
17729
633
6620
7205
14289
5070
1582
7112
12812
8416
13816
13505
17036
5600
12313
7612
1156
14204
3183
7899
12784
18429
14551
15634
4563
3397
14523
12825
9675
15440
10964
8465
5425
7731
15922
8420
5902
672
12119
16225
6232
958
12540
14354
3993
4596
16557
14666
17179
10267
9288
16261
8852
15761
11729
15121
8976
16614
12925
15095
9566
16823
14372
17609
16431
15097
17929
13872
641
13606
1869
12647
3117
12715
13234
15999
5562
1543
12921
13215
6710
605
9848
16649
9889
17940
9331
5542
8295
12099
15120
5732
8007
1717
18429
4260
8113
6826
9329
1024
15092
17309
18039
7834
10846
7632
17371
105
7160
7718
9327
2685
13225
7872
15759
18127
11893
4496
17746
16041
12508
1638
8954
7283
16220
15321
3513
13365
17280
7026
15224
10543
6114
15955
15641
11502
4907
8220
17724
11545
8701
9462
14280
17871
11196
1956
10662
188
6805
4243
10829
18354
18266
18467
10685
12720
4254
3675
6250
13903
11734
5587
14906
16412
728
7338
5932
13076
3115
2776
16925
9949
6040
5293
18306
17607
17425
11311
6612
5529
1064
2511
128
1032
8886
5947
9320
4001
12325
17776
8181
10230
1611
13859
16081
152
3344
1427
750
236
9953
1056
8909
18154
9527
5908
12512
14656
16823
11623
6966
10163
15602
15356
16325
6556
10012
3113
3719
7731
2365
9462
9981
4958
2264
8977
17757
6489
14308
1817
12510
14593
16563
15710
16023
10868
6901
15623
7142
1483
18074
35
6382
16195
11629
15350
16462
1443
15398
14790
2605
2387
6471
16975
12903
17516
15707
8088
10244
13467
11358
5720
17102
3238
752
6626
14805
7449
394
13821
13017
5926
16525
13698
9377
14715
1959
5794
13825
6137
5459
11591
6001
11096
15568
16507
229
9931
12065
12683
12264
6666
5277
3972
9544
4303
1213
10809
10207
16237
6736
10620
4430
16973
12743
18440
11770
4350
13906
2169
3725
2232
2943
4139
5229
8856
16525
14984
11482
16707
3790
8596
15289
16315
2794
18141
3993
17066
6189
12499
17038
15999
1488
9755
11918
3315
12513
1547
681
9823
15056
13576
610
6694
17256
5958
1474
15314
10703
12957
12546
14944
8556
3116
2089
5959
6576
7750
15187
1957
9143
17391
4297
11595
11816
8586
10932
6127
8282
8868
10201
7724
6047
5626
949
16193
7362
14911
5775
1989
13965
4593
6997
17114
12142
6431
2405
2351
15234
167
2776
10443
8758
15522
6510
15425
5162
16648
14614
9179
16274
14928
10053
741
2016
11774
1795
7104
11662
13212
1919
3604
998
14795
17542
15393
5546
13073
169
2667
4761
16378
1210
18029
8933
18386
12391
10315
575
18545
18131
13052
2263
15712
16932
17653
14037
3430
778
9731
18110
4523
2105
6755
16657
6420
11806
218
3542
1919
7724
11624
2761
15328
8411
17037
233
3264
1959
5185
13047
11054
17227
16594
11465
10098
1722
2002
12018
1293
14663
15523
1325
13965
9835
5576
8958
10170
13658
15954
7565
10409
10164
4364
14220
5247
4324
16605
15550
6004
2198
16492
16396
3132
8231
16909
1535
18423
833
16199
17473
1128
5130
14193
15363
13890
1358
1738
14636
13256
10436
12446
5714
4663
2436
679
2956
6544
6584
5573
220
9685
12843
12568
17495
15912
6603
9362
9572
8257
4864
306
10743
10875
8662
12270
8171
16661
18446
4451
10701
15065
8613
12024
9864
9367
7902
9344
2951
14694
14853
8156
16128
285
6372
6389
603
8483
9828
6136
3670
5732
14272
13255
5227
13541
6651
14542
7131
429
1396
11906
7214
8609
15243
16722
18551
14991
4115
9563
7014
236
10813
9718
492
3796
2233
18474
1584
7776
15973
17671
12808
2773
2262
10184
10259
4312
18184
5501
7737
1910
11696
11281
10176
17630
849
8279
16975
14910
15598
6630
3897
1555
13842
12436
7080
11993
11176
2656
15133
15788
5127
15561
15518
12756
7562
9437
12563
9104
7259
5012
10699
5056
9358
15842
2978
3824
10754
3804
14110
5395
2508
13379
15405
13546
6783
16752
2102
1000
16699
13084
13331
9585
13628
6767
14106
14847
4536
18338
13356
10345
12679
12646
3393
15270
1363
9286
2057
15289
16641
114
5593
4172
9081
13071
3614
6168
10171
2807
12651
5504
12154
110
1311
15516
4168
15068
16096
9668
14516
14640
9799
2640
18155
7677
15522
3745
4551
1404
1241
966
9326
10840
10838
13312
15189
15062
767
17226
8011
4676
15376
7424
755
14407
17257
16447
14244
6838
15675
738
13026
2188
13547
11325
7983
4750
7788
238
8506
9522
8849
14749
17319
10762
17362
673
10565
17687
16489
3923
3442
17576
10698
10135
14125
2848
2517
7414
7710
2374
12252
13031
4003
10923
13642
18248
4148
16772
1777
298
12670
2840
10591
11378
14041
10033
17904
11234
13349
8269
682
9863
183
16435
4256
1357
971
12624
5715
14191
4666
1683
10450
199
1241
4100
13623
17434
10658
17799
5738
2371
7789
13762
6669
13436
10603
17064
10420
99
14432
220
10521
16603
2533
11550
6909
8818
12632
5685
15745
504
7237
3029
1558
11573
9836
8181
12967
15085
13547
17259
14583
7801
13021
8009
11785
16
144
1419
16643
18045
14563
14492
6344
17878
15371
11478
16180
7480
17529
7190
17447
16481
18128
2938
640
6601
7631
1496
7095
11024
17983
4283
9889
2279
1715
14507
18024
18055
13490
5140
7855
7417
5789
5354
97
1043
7045
4481
16255
12316
12495
12719
10153
13090
3511
14749
9420
3301
884
7030
5925
17251
11162
3374
15561
11503
12744
14050
13411
15334
7828
12867
16225
6236
8575
8834
18224
2745
2149
14192
15090
4085
4221
6839
7694
9146
4362
12956
16289
4032
5707
18188
15312
2278
17965
187
5057
8406
2061
13530
473
7477
15144
7498
4918
18313
16129
12831
8884
16137
7302
6841
7312
3559
9256
210
1287
17084
6570
7419
14855
14055
10960
17363
18500
2459
8191
15745
12720
5931
9699
8820
14783
3732
12339
7303
16541
13245
12962
12785
8959
9440
11147
2581
11314
15853
16895
11029
15200
5849
15158
6261
3943
4417
15362
13040
13229
10658
7884
13667
3890
1364
11328
3331
13635
6963
14006
10257
6140
641
12000
11670
14158
164
2907
1272
13603
11867
7735
9364
13974
12232
17175
15866
6155
4732
8933
2686
11735
13363
6556
11497
4792
13446
11029
8011
5932
13662
16760
12596
8205
11565
17469
1447
16132
17995
9494
1034
5902
2517
9343
9936
13760
10976
250
3764
12200
10401
10105
9863
3638
9236
12855
6488
9758
8152
4184
4240
15071
13939
17796
8816
6774
5757
6342
167
2473
12018
2736
16804
3709
1615
3474
16445
8094
7559
8255
9973
18004
1170
10060
10004
11612
9120
17455
12703
18341
10021
14592
18041
4725
10081
14891
10227
9663
1522
2561
14867
12381
17717
10707
6109
9184
7316
301
3019
5007
1079
11424
17099
6159
15351
9833
4635
17162
17475
11606
5359
16755
9381
1684
8756
8731
16554
6400
7848
11349
1511
2814
4452
6774
8534
6393
17520
11152
2121
1294
6992
8473
2811
17681
6013
1585
1377
1765
2822
16286
13830
5698
13599
14988
18015
8974
17488
1197
4332
9814
9510
11529
11275
13648
9591
16732
7195
472
5085
3655
8540
17785
17567
18405
17653
16971
11509
15866
3358
6608
2610
925
8446
10696
9158
9694
13495
15608
99
7843
12235
6093
2752
15118
2149
14354
4267
13613
11494
4200
13894
4510
14872
15293
12932
12102
7011
18380
10980
10137
12637
17862
9588
14628
5206
1038
17700
2743
13402
10592
12768
13214
17036
13887
10482
13694
4040
12640
7112
1823
12846
10861
13074
18199
12315
6309
15925
18472
139
13013
17185
6419
4901
1772
18322
4107
1613
7406
7483
1225
1106
11345
7878
16357
7687
15316
16757
4055
12636
7513
7186
268
14845
14315
7124
17308
13520
13179
1251
6696
1352
11114
4036
13397
14402
8664
12364
4792
7347
5396
690
17448
18542
8030
1018
12256
3870
11635
3899
6772
7975
7838
1087
5237
14704
9004
17356
16756
15486
12443
6826
16118
8589
4950
17926
7863
4070
5943
1359
10943
7157
8297
17765
13273
17768
671
15314
10391
-1
